0
1
2
3
4
5
6
7
8
9
10
11
12
13
14
15
16
17
18
19
20
21
22
23
24
25
26
27
28
29
30
31
32
33
36
37
38
39
40
41
42
43
44
45
46
47
48
49
50
51
52
54
55
57
59
61
62
63
66
67
68
69
71
72
73
75
76
77
78
80
82
83
85
87
89
93
94
97
100
103
105
106
108
112
116
119
123
126
129
133
137
141
144
149
154
163
166
169
172
175
178
181
183
190
195
198
203
213
225
234
244
252
261
280
291
310
322
344
366
393
443
496
577
694
863
1102
1583
2538
5138
25642
28154
29061
29531
29813
29989
30095
30177
30243
30303
30344
30386
30424
30458
30496
30538
30570
30601
30634
30660
30692
30723
30757
30798
30814
30841
30875
30905
30929
30953
30983
31015
31041
31068
31087
31103
31117
31145
31160
31175
31192
31213
31232
31252
31269
31292
31313
31332
31352
31375
31396
31418
31441
31478
31494
31527
31568
31604
31643
31675
31705
31736
31769
31796
31820
31841
31874
31902
31917
31935
31950
31970
31985
32000
32010
32019
32026
32032
32035
32043
32049
32059
32065
32072
32075
32078
32081
32084
32087
32088
32089
32090
32091
32092
32093
32095
32096
32097
32098
32099
32100
32101
32102
32103
32104
32105
32106
32107
32108
32109
32110
32111
32112
32113
32114
32115
32116
32117
32118
32119
32120
32121
32122
32123
32124
32125
32126
32127
32128
